1.4253243776736981
-1.1086505045529453
-0.9792632542407753
-0.11751228370749636
-1.072012071904147
-0.5455373368324196
0.7398585485260996
2.338445315797181
1.3905647492979365
-1.0090046055083224
1.1343376614254517
-0.6007846406370156
-0.2362758661991516
0.2163212935032895
-0.1185246375023137
-0.010964812013231979
-1.0152237296084623
0.18098134959497827
0.4138729276697822
0.3496907252056733
-0.7633645535342173
0.996917400910439
1.3050738655478507
0.1879303101751931
0.6888847391657659
0.0011651956744220663
-2.9409518621456825
0.8248847325525259
-2.3056307176263395
-0.6784763497153705
-0.0781161750521511
-0.30008603575210774
0.1379909487323673
-0.4612364685701881
0.2864498152164546
-1.4274274496344317
0.461836254024502
-1.3585565637470194
0.5663782788932984
0.46829415305628264
-1.6786310521286028
0.9268081287700323
-1.470997201434398
0.7585810211694568
1.638714986036586
-0.3390473431458089
-0.6839796670462401
-1.3092887272787688
0.8288413028274862
-0.08498460845521187
-0.326216419580231
-0.4938079060064341
-0.9708805791348969
-0.8228740382685475
0.1359505930440016
0.5020996169405653
3.32396983765098
0.9671071000049243
1.1387832594196463
0.046871180702090794
-0.18105527882149167
-1.3133660322292022
1.8410803725735756
0.5455589965852417
1.191485379863904
1.39393129714458
-1.4278269841489668
0.832599376009992
0.49278133486700715
-1.5185307166612547
1.8046206161393241
0.08432753764710818
-0.17372974945272418
-0.4722316859638152
1.6766983135624862
-1.2537298006993125
-1.1151774946384345
1.2835072521329793
-1.832605389656987
-0.3704493958935076
1.3103523373895014
-0.41613933343804377
-2.1090992497643772
0.7689185279383688
0.8953883941552987
-1.0636004523760367
0.6463614715712755
0.09668697467465473
-0.29654349990471535
0.64593560497713
0.7330165588890777
-0.04238038873537634
0.22367868144655903
1.2422809235369225
-0.6680675360403661
0.09234440604769709
-0.7865372149720407
0.12196251754609438
0.3203140457267694
-1.8414286772442914
