0.23177132995505156
-2.949996806902165
1.2180288513211008
-0.05020726484854876
-0.45023295093173255
1.7517054591652985
0.7509142590932022
-0.3746153774182629
-0.7672781732618226
0.29487697572248994
-1.1482038115173985
-1.2263664112766706
-0.7146387491684487
-0.9692620517961565
1.695338864859159
1.4132925848073294
1.2891518157028268
-0.3030193508488632
1.7524368164760906
1.2687721935029233
1.9148986049509877
0.8358084116832263
-0.19729832484743326
0.7391938574970677
0.08515255901489327
0.057316786391784946
-0.43842122771958114
0.6164354403324119
-0.3613674960657772
0.992451444370326
1.165074404662559
-0.3253729008906102
0.7509696606214395
-0.5464001259794458
-0.7719182819145831
-1.7036394177053364
-1.9846843953453468
0.45487864992165095
1.3957175499839587
1.161586586717403
0.9735430348288483
-1.2155463049920212
-1.170935219786015
2.73635731002029
2.0390686466944397
0.7334447693836721
-0.5857363048949167
1.0840407632739755
-1.3767067648765792
-0.4052616618648608
0.6551950638129567
-0.6572248132560647
0.2699080102928898
1.9006562309110635
0.25487280235919285
1.402016138756369
-0.6784358260360326
-0.6445732243358933
-0.39625429518959787
1.4337725274447866
-1.8312849553870274
-0.26188510047505065
2.2121174715732437
-0.822622097588708
-1.308408412025478
-0.5050322094257296
-1.6451124940300743
0.4792506077300563
0.9080372583517362
0.7492042133768811
0.5855283051944877
0.06215744891798103
0.9038489749514473
-1.8504087885418068
2.7552083076657143
-0.17620946662223924
1.9898986619796561
-0.8011013501710103
-0.3488681938143061
1.7109675024913862
-0.6415153441356307
0.6173964622029442
-0.2999717861176796
0.6405810243958572
-0.3359869890215469
2.007418173653896
1.232413523663291
-0.526024806862226
0.8990489629292593
1.3170221998059113
0.02024752562834553
0.07990073465468872
1.6763213591731636
0.1848202051839547
0.05425344216214478
1.3534188190621927
1.5086143430168137
1.3980093419776565
1.2216715102267894
-2.3042982495410054
