3.6107864593769206
-0.06533057845237544
-0.17156484793312976
0.5940724247670396
1.2434623908031142
1.3663026089320063
1.7736174265999098
0.30238117818428467
1.0324590898543957
0.12190572577911174
2.7601813517022338
0.24595143932135344
1.5867133857326918
0.19208094930210562
1.3608263660095044
1.6140982027020554
1.341408442382651
1.2165792790171892
2.1441455172351143
0.24269034163787828
3.0934379392682154
0.4033120740744901
-0.06835369122958546
0.9826744992369472
2.4263736570235945
-2.0736274638808765
0.5858949770231803
1.0002652586444605
1.6199305613953467
-0.5496999103547251
1.6262215682886
1.2709413990970193
1.885073198342782
0.7329574957052758
2.8256197590827306
0.1330652772043971
0.5266808315290405
1.050478142049004
0.443997480724706
-0.37105335519752636
-1.4740641095928764
-0.13125593381118916
-0.16639750742352466
2.1133116786577766
0.8275588049738836
0.8868191880988003
2.2048852634237406
0.6071261137417643
0.26982203443239483
2.216439516911109
0.008450182410436824
1.8693747213472476
1.789228259048586
1.432410825884894
0.29192349527797423
1.5073709937488249
0.27207820424206663
0.9855348245131105
3.4082055794115202
1.3330866959175365
0.12652231542811287
-0.17319869478091365
1.100607158201238
2.05333789320224
2.0658777967138002
2.105289798381787
2.206575031975584
0.26008335611755873
0.8086799657621567
0.856809805721079
0.6342615931993403
0.9270428265994963
2.441303949152661
1.2726746987554858
0.5287397168387824
3.1278802580096805
0.47561537624863937
2.7839533559838943
1.9709377437522968
3.314921477109105
1.1949905168112471
-1.0430960703070862
1.2578340982893181
0.9301057262704536
1.0394142608815655
0.6849635931090223
0.7360243058795846
0.7559857392203955
2.0655879016370533
1.5590438594373857
2.0165596530664223
0.3913431235279752
-0.3138000820904119
4.062589039209284
2.1065888257763783
0.8813740819826883
0.5901290997783992
0.2576971081539763
1.4672186605491389
2.3208597661429398
