-2.2818726849365185
-2.0255144555641333
-1.2262985174861258
-3.08671099682603
-2.839088281577591
0.6472610307787721
-1.2012420833515098
-0.8693736566029453
1.1814684103254462
-1.1362437703634674
-1.3765312894384023
-1.1597766133102196
-1.1578870092809537
-0.002749061049671875
-0.0604044748245689
-0.8686019043530577
0.04980166463857216
-1.3003329072451661
-0.9284018982802505
1.0800051321237363
-1.5293916042272544
-1.4065739899788035
-0.9060854645373825
0.6245859131058404
-0.77332942560478
-0.08973357123789005
0.11727061165864017
-1.7950782230600288
-0.847940626039469
-1.2092547473231474
-0.5142898152274246
-1.3605230209887624
0.23038812393302122
-0.2491667940953587
0.38519006742411555
1.0556465644690034
-2.1121350964186014
-0.3086707642789519
-2.4519540120915715
-2.9622736330427366
-0.6049869944302739
-1.471828136472408
-1.5666844945900718
-0.7307149225437901
-0.24445121813852067
-1.217240723041802
-1.1198903409037666
-1.3454927967909043
-2.1627967769757435
-0.26320499554818433
0.8150105811723369
-1.1070288392741365
-0.023670724518426334
0.14764386098472682
-1.9157559384756944
-0.5895363460368832
0.13014870659655875
-2.489102599678259
0.9796604624133876
-0.9220022134612512
0.10362394980906853
-0.12467216564422057
-0.7807517921577514
-0.8969089963769349
0.5338551137071281
-0.5259157645549117
-0.9051540118349335
-1.269228564265832
-0.8515848238566053
-2.25845038729529
-0.5791812483809651
-0.15332536899995686
-1.890923650710135
1.385191612320129
-1.9832947509710535
0.13711707577895704
-2.0098159125699593
-0.7463578047827907
-0.005657371580530146
0.017481962935806727
-1.610269722071899
-1.8073852644483517
-2.9139529805698268
-2.195298076785063
-2.056430142677333
0.20581625586355168
-2.3156706744080457
-0.13329287584836358
-1.016628868259618
-2.8712052067269216
-1.6561024820253931
-0.24059343982225223
-2.2762897514523583
-0.46094218851782665
-1.7342806340860877
-1.625842610757486
-1.5325443154526222
-1.6761709809342022
-2.1396974691953914
-2.3084764370057265
