-0.17357532239771684
0.2735266689627769
-0.3311888110944833
-2.1762521664442964
-1.1406152123833548
-2.9885744241167025
0.04244471089246582
-1.2184493209566198
-0.6598411219210297
-3.332226527768036
-0.46535385131178775
-1.9504480703806848
0.13680975488596792
-0.49964268958601005
-0.8142068753367522
-1.3609379641705768
-0.22203740737245742
0.9298261525407967
0.8183929632189688
-2.3691776397557778
-0.7647198364845051
-0.16351801631995616
-0.534319177545612
-0.4055522367287834
0.26357265105119765
1.0682159658580377
0.5705452962106745
0.906894774179936
-1.7435896984183925
-0.34968139711821866
0.2839442559677875
-0.6929234297578903
-1.1963019758652647
-0.041309516322536766
-1.6210027390886736
-0.2747808637591287
-0.11078450352821922
0.7053151152321617
-0.13897255168407197
0.29409203593008415
-1.3553584923392412
0.7891392416039189
0.005631366065542598
-1.5295670124553715
-1.2960181048369526
-0.058791648819956965
-1.6656909490766298
0.13349648391865565
-0.1695446300899815
-0.6073515616782431
-0.8714732383499917
-2.5123812992312473
-1.4200610813816184
0.6097602581550958
-0.2945911112043948
0.2389485163459254
-0.12270924913755576
-0.31078758011632146
0.012465787489808755
0.4871991221949086
0.5778886830472418
-0.6739966438482357
0.0012627151905790779
0.18868067479112482
-0.005783397860969541
-0.214912844824596
-0.5463647104463241
0.17729376817328701
1.2158120386795974
-0.41564650923086494
-0.2590889515330199
-0.44217601434611364
0.08080059156631803
-2.4327929850905936
1.0792041042894516
-1.0070497895438
0.8993925937234344
1.8536771643142629
-2.0705632815427486
-1.7992660136118825
-0.7353657241032081
-0.15208900527129798
-0.6571655638797116
0.7011294916498685
1.1010447558520928
-0.766200813660341
0.5674286715491097
0.3214692895608534
-1.5263800955521314
-1.3007837382433565
-0.4505125910627073
-0.329825099437033
-0.9882859973510385
0.2345069600551516
-1.0583585678755845
-0.34717502814668083
-1.4526537494574727
-0.9208609474458953
-1.2358993501206834
0.179125625687668
